-101.44247787610618
-72.32522123893804
-36.67035398230088
-51.9358407079646
-64.23672566371681
-54.42035398230089
-14.236725663716813
-65.40044247787611
-114.41150442477874
-64.19911504424779
-35.36504424778761
-27.070796460176986
-56.4358407079646
-47.48893805309734
-76.70575221238937
-90.30530973451326
-14.922566371681414
-109.25221238938053
-77.45353982300885
-54.008849557522126
-104.39159292035397
-42.962389380530965
-66.43362831858407
-23.396017699115042
-69.59734513274336
-94.85619469026548
-30.76548672566372
-159.10398230088495
-65.11946902654867
-62.31858407079646
-74.69247787610618
-66.57522123893806
-86.20575221238937
-82.47566371681415
-30.74778761061947
-100.35619469026548
-95.28318584070797
-84.12610619469027
-94.22345132743362
-37.497787610619476
-46.45353982300884
-72.49778761061947
-51.073008849557525
-70.09955752212389
-67.32743362831857
-80.50442477876105
5.750000000000007
-101.17035398230087
-60.887168141592916
-50.79424778761063
-38.64823008849558
-42.663716814159294
-108.7942477876106
-42.66814159292035
-86.44247787610618
-132.02876106194688
-169.00884955752213
-60.292035398230084
-82.29646017699116
-62.126106194690266
-72.4646017699115
-94.30309734513274
-46.876106194690266
-117.01769911504424
-122.88053097345133
-94.94469026548671
-71.89823008849558
-220.5862831858407
-108.99115044247787
-44.80309734513274
-29.081858407079643
-58.94247787610619
-37.530973451327434
-129.11061946902655
-32.1570796460177
-87.31194690265487
-122.57079646017698
-91.17699115044248
-48.28318584070796
-107.26106194690266
-67.96017699115043
-35.14380530973452
-45.38053097345133
-150.69026548672565
-30.630530973451314
-94.56194690265485
-83.13053097345133
-27.349557522123888
-98.45353982300884
-81.79646017699115
-96.84734513274336
-89.20575221238937
-45.98451327433628
-58.58185840707964
8.256637168141594
-87.10619469026548
